#Note: Must use "spaces", do not use "tabs".
#      '17' means default value (this entry is not provided by hw team in a set of entried). eg. 11ac 20M mcs9
#      '127' means this entry will be ignored in fw pppc function (invalid mcs).
#c:p:b - channel:phymod(0-legacy,1-11n,2-11ac,3-11ax):bandwidth(0-20M,1-40M.2-80M,3-160M)
#c:p:b  1    2    5.5  11   6    9    12   18   24   36   48    54    - (legacy rate, 11b/g)
#c:p:b  mcs0 mcs1 mcs1 mcs3 mcs4 mcs5 mcs6 mcs7 mcs8 mcs9 mcs10 mcs11 - (11n/11ac/11ax)
#
1:2:0   24   24   24   24   24   24   24   23   23   17   17   17
1:2:1   24   24   24   24   24   24   24   23   23   22   17   17
1:3:0   24   24   24   24   24   24   24   23   23   22   21   21
1:3:1   24   24   24   24   24   24   24   23   23   22   21   21
#
2:2:0   24   24   24   24   24   24   24   23   22   17   17   17
2:2:1   24   24   24   24   24   24   24   23   22   21   17   17
2:3:0   23   23   23   23   23   23   23   23   22   21   21   21
2:3:1   24   24   24   24   24   24   24   23   22   21   21   21
#
3:2:0   24   24   24   24   24   24   24   24   23   17   17   17
3:2:1   24   24   24   24   24   24   24   24   23   22   17   17
3:3:0   24   23   23   24   24   23   23   24   23   22   21   21
3:3:1   24   24   24   24   24   24   24   24   23   22   21   21
#
4:2:0   23   23   23   24   24   24   24   23   22   17   17   17
4:2:1   23   24   24   24   24   24   24   23   22   22   17   17
4:3:0   23   23   23   23   23   23   23   23   22   22   21   21
4:3:1   24   24   24   24   24   24   24   23   22   22   21   21
#
5:2:0   23   24   23   24   24   24   24   24   22   17   17   17
5:2:1   24   24   24   24   24   24   24   24   22   21   17   17
5:3:0   24   23   23   23   24   24   24   24   22   21   21   21
5:3:1   24   24   24   24   24   24   24   24   22   21   21   21
#
6:2:0   23   23   24   23   24   23   24   24   22   22   21   21
6:2:1   24   24   24   24   24   24   24   24   22   21   22   21
6:3:0   24   24   24   24   24   24   24   24   22   21   21   21
6:3:1   24   24   24   24   24   24   24   24   22   21   21   21
#
7:2:0   24   24   23   24   24   24   24   23   22   17   17   17
7:2:1   24   24   24   24   24   24   24   23   22   21   17   17
7:3:0   24   24   24   24   24   24   24   23   22   21   21   21
7:3:1   24   24   24   24   24   24   24   23   22   21   21   21
#
8:2:0   24   24   24   24   24   24   24   22   22   17   17   17
8:2:1   23   23   24   24   24   24   24   22   22   21   17   17
8:3:0   24   24   24   24   24   24   24   22   22   21   21   21
8:3:1   23   24   24   24   24   24   24   22   22   21   21   21
#
9:2:0   23   24   24   24   24   24   24   23   22   17   17   17
9:2:1   24   24   24   24   24   24   24   23   22   21   17   17
9:3:0   24   24   24   24   25   24   24   23   22   21   21   21
9:3:1   24   24   24   24   24   24   24   23   22   21   21   21
#
10:2:0   24   24   24   24   24   24   24   22   22   17   17   17
10:2:1   24   24   24   24   24   24   24   22   22   21   17   17
10:3:0   24   24   24   24   24   24   24   22   22   21   21   21
10:3:1   24   24   24   24   24   24   24   22   22   21   21   21
#
11:2:0   24   24   24   24   24   25   24   23   22   17   17   17
11:2:1   24   24   24   24   24   24   24   23   22   21   17   17
11:3:0   24   25   24   24   24   24   24   23   22   21   21   21
11:3:1   24   24   24   24   24   24   24   23   22   21   21   21
#
12:2:0   24   24   24   24   24   24   23   22   22   17   17   17
12:2:1   24   24   24   24   24   24   23   22   22   21   17   17
12:3:0   24   24   24   24   24   24   23   22   22   21   21   21
12:3:1   24   24   24   25   24   24   23   22   22   21   21   21
#
13:2:0   24   24   25   24   25   25   24   23   22   17   17   17
13:2:1   24   24   24   24   24   24   24   23   22   21   17   17
13:3:0   24   25   24   25   25   24   24   23   22   21   21   21
13:3:1   24   24   24   24   24   24   24   23   22   21   21   21
