54000c89
00020054
00020002
00020002
00020002
00020002
00020002
00020002
00020002
00020002
00020002
00020002
00020002
00020002
00020002
00020002
00020002
00020002
00020002
00020002
00020002
00020002
00020002
00020002
00020002
00020002
00020002
00020002
00020002
00020002
00020002
00020002
00020002
00020002
00020002
00020002
00020002
00020002
00020002
00020002
00020002
00020002
00020002
00020002
00020002
00020002
00020002
00020002
00020002
00020002
00020002
00020002
00020002
00020002
00020002
00020002
00020002
00020002
00020002
00020002
00020002
00020002
00020002
00020002
00020002
00020002
00020002
00020002
00020002
00020002
00020002
00020002
00020002
00020002
00020002
00020002
00020002
00020002
00020002
00020002
00020002
00020002
00020002
00020002
00020002
00020002
00020002
00020002
00020002
00020002
00020002
00020002
00020002
00020002
00020002
00020002
00020002
00020002
00020002
00020002
00020002
00020002
00020002
00020002
00020002
00020002
00020002
00020002
00020002
00020002
00020002
00020002
00020002
00020002
00020002
00020002
00020002
00020002
07060502
0b0a0908
0f0e0d0c
13121110
17161514
1b1a1918
1f1e1d1c
23222120
27262524
2b2a2928
2f2e2d2c
33323130
37363534
3b3a3938
3f3e3d3c
43424140
47464544
4b4a4948
4f4e4d4c
53525150
57565554
5b5a5958
5f5e5d5c
63626160
67666564
6b6a6968
6f6e6d6c
73727170
77767574
7b7a7978
007e7d7c