12000688
81004f00
81008100
81008100
81008100
81008100
81008100
81008100
81008100
81008100
81008100
81008100
81008100
81008100
81008100
81008100
81008100
81008100
81008100
81008100
81008100
81008100
81008100
81008100
81008100
81008100
81008100
81008100
81008100
81008100
81008100
81008100
81008100
81008100
81008100
81008100
81008100
81008100
81008100
81008100
81008100
81008100
81008100
81008100
81008100
81008100
81008100
81008100
81008100
81008100
81008100
81008100
81008100
81008100
81008100
81008100
81008100
81008100
81008100
81008100
81008100
81008100
81008100
81008100
81008100
81008100
81008100
81008100
81008100
81008100
81008100
81008100
81008100
81008100
81008100
81008100
81008100
81008100
81008100
81008100
81008100
81008100
81008100
81008100
81008100
81008100
81008100
81008100
81008100
81008100
81008100
81008100
81008100
81008100
81008100
81008100
81008100
81008100
81008100
81008100
81008100
81008100
81008100
81008100
81008100
81008100
81008100
81008100
81008100
81008100
81008100
81008100
81008100
81008100
81008100
81008100
81008100
81008100
81008100
81008100
81008100
81008100
81008100
81008100
81008100
81008100
ecbb8100
ff
fff00000
f
10100
0
100000
0
fff0
0
fef00
f0000000
f0eeef0f
ffffffff
feeeefff
eeeeeeee
eefeeeee
feeeeeee
ffffffff
eeeeffff
fffff0
fef00000
0
ff000000
f
11110000
11111111
11110001
11111111
11110011
11111111
00100111
