248006c8
80004f00
80008000
80008000
80008000
80008000
80008000
80008000
80008000
80008000
80008000
80008000
80008000
80008000
80008000
80008000
80008000
80008000
80008000
80008000
80008000
80008000
80008000
80008000
80008000
80008000
80008000
80008000
80008000
80008000
80008000
80008000
80008000
80008000
80008000
80008000
80008000
80008000
80008000
80008000
80008000
80008000
80008000
80008000
80008000
80008000
80008000
80008000
80008000
80008000
80008000
80008000
80008000
80008000
80008000
80008000
80008000
80008000
80008000
80008000
80008000
80008000
80008000
80008000
80008000
80008000
80008000
80008000
80008000
80008000
80008000
80008000
80008000
80008000
80008000
80008000
80008000
80008000
80008000
80008000
80008000
80008000
80008000
80008000
80008000
80008000
80008000
80008000
80008000
80008000
80008000
80008000
80008000
80008000
80008000
80008000
80008000
80008000
80008000
80008000
80008000
80008000
80008000
80008000
80008000
80008000
80008000
80008000
80008000
80008000
80008000
80008000
80008000
80008000
80008000
80008000
80008000
80008000
80008000
80008000
80008000
80008000
80008000
80008000
80008000
80008000
80008000
80008000
80008000
80008000
80008000
80008000
80008000
80008000
80008000
80008000
80008000
80008000
80008000
80008000
80008000
80008000
80008000
80008000
80008000
80008000
80008000
80008000
80008000
80008000
80008000
80008000
80008000
80008000
80008000
80008000
80008000
80008000
80008000
80008000
80008000
80008000
80008000
80008000
80008000
80008000
80008000
80008000
80008000
80008000
80008000
80008000
80008000
80008000
80008000
80008000
80008000
80008000
80008000
80008000
80008000
80008000
80008000
80008000
80008000
80008000
80008000
80008000
80008000
80008000
80008000
80008000
80008000
80008000
80008000
80008000
80008000
80008000
80008000
80008000
80008000
80008000
80008000
80008000
80008000
80008000
80008000
80008000
80008000
80008000
80008000
80008000
80008000
80008000
80008000
80008000
80008000
80008000
80008000
80008000
80008000
80008000
80008000
80008000
80008000
80008000
80008000
80008000
80008000
80008000
80008000
80008000
80008000
80008000
80008000
80008000
80008000
80008000
80008000
80008000
80008000
80008000
80008000
80008000
80008000
80008000
80008000
80008000
80008000
80008000
80008000
87658000
0fedcba9
87654321
0fedcba9
87654321
0fedcba9
87654321
0fedcba9
87654321
0fedcba9
87654321
0fedcba9
87654321
0fedcba9
87654321
0fedcba9
87654321
0fedcba9
87654321
0fedcba9
87654321
0fedcba9
87654321
0fedcba9
87654321
0fedcba9
87654321
0fedcba9
87654321
0fedcba9
87654321
0fedcba9
87654321
0fedcba9
87654321
0fedcba9
87654321
0fedcba9
87654321
0fedcba9
87654321
0fedcba9
87654321
0fedcba9
87654321
0fedcba9
87654321
0fedcba9
87654321
0fedcba9
87654321
0fedcba9
87654321
0fedcba9
87654321
0fedcba9
87654321
0fedcba9
87654321
0fedcba9
87654321
0fedcba9
87654321
