12000688
80004f00
80008000
80008000
80008000
80008000
80008000
80008000
80008000
80008000
80008000
80008000
80008000
80008000
80008000
80008000
80008000
80008000
80008000
80008000
80008000
80008000
80008000
80008000
80008000
80008000
80008000
80008000
80008000
80008000
80008000
80008000
80008000
80008000
80008000
80008000
80008000
80008000
80008000
80008000
80008000
80008000
80008000
80008000
80008000
80008000
80008000
80008000
80008000
80008000
80008000
80008000
80008000
80008000
80008000
80008000
80008000
80008000
80008000
80008000
80008000
80008000
80008000
80008000
80008000
80008000
80008000
80008000
80008000
80008000
80008000
80008000
80008000
80008000
80008000
80008000
80008000
80008000
80008000
80008000
80008000
80008000
80008000
80008000
80008000
80008000
80008000
80008000
80008000
80008000
80008000
80008000
80008000
80008000
80008000
80008000
80008000
80008000
80008000
80008000
80008000
80008000
80008000
80008000
80008000
80008000
80008000
80008000
80008000
80008000
80008000
80008000
80008000
80008000
80008000
80008000
80008000
80008000
80008000
80008000
80008000
80008000
80008000
80008000
80008000
80008000
baa98000
eeedddcc
eeeeeeee
fffffeee
ff000000
f
1111000
11111100
11110001
11111111
11100011
111111
0
0
fffffff0
eeefeeff
eefeeeee
fffffff
ff
0
10000000
11111
11111111
111111
11111110
11111000
111
0
0
fffffff0
eeeeefff
00feeeee
