54000c88
02000200
02000200
02000200
02000200
02000200
02000200
02000200
02000200
02000200
02000200
02000200
02000200
02000200
02000200
02000200
02000200
02000200
02000200
02000200
02000200
02000200
02000200
02000200
02000200
02000200
02000200
02000200
02000200
02000200
02000200
02000200
02000200
02000200
02000200
02000200
02000200
02000200
02000200
02000200
02000200
02000200
02000200
02000200
02000200
02000200
02000200
02000200
02000200
02000200
02000200
02000200
02000200
02000200
02000200
02000200
02000200
02000200
02000200
02000200
02000200
02000200
02000200
02000200
02000200
02000200
02000200
02000200
02000200
02000200
02000200
02000200
02000200
02000200
02000200
02000200
02000200
02000200
02000200
02000200
02000200
02000200
02000200
02000200
02000200
02000200
02000200
02000200
02000200
02000200
02000200
02000200
02000200
02000200
02000200
02000200
02000200
02000200
02000200
02000200
02000200
02000200
02000200
02000200
02000200
02000200
02000200
02000200
02000200
02000200
02000200
02000200
02000200
02000200
02000200
02000200
02000200
02000200
cba98765
43210fed
cba98765
43210fed
cba98765
43210fed
cba98765
43210fed
cba98765
43210fed
cba98765
43210fed
cba98765
43210fed
cba98765
000000ed