54000c88
81008100
81008100
81008100
81008100
81008100
81008100
81008100
81008100
81008100
81008100
81008100
81008100
81008100
81008100
81008100
81008100
81008100
81008100
81008100
81008100
81008100
81008100
81008100
81008100
81008100
81008100
81008100
81008100
81008100
81008100
81008100
81008100
81008100
81008100
81008100
81008100
81008100
81008100
81008100
81008100
81008100
81008100
81008100
81008100
81008100
81008100
81008100
81008100
81008100
81008100
81008100
81008100
81008100
81008100
81008100
81008100
81008100
81008100
81008100
81008100
81008100
81008100
81008100
81008100
81008100
81008100
81008100
81008100
81008100
81008100
81008100
81008100
81008100
81008100
81008100
81008100
81008100
81008100
81008100
81008100
81008100
81008100
81008100
81008100
81008100
81008100
81008100
81008100
81008100
81008100
81008100
81008100
81008100
81008100
81008100
81008100
81008100
81008100
81008100
81008100
81008100
81008100
81008100
81008100
81008100
81008100
81008100
81008100
81008100
81008100
81008100
81008100
81008100
81008100
81008100
81008100
81008100
81008100
ffe
ff0
0
0
0
0
0
0
0
0
0
0
0
11100000
f0