55000c48
81008100
81008100
81008100
81008100
81008100
81008100
81008100
81008100
81008100
81008100
81008100
81008100
81008100
81008100
81008100
81008100
81008100
81008100
81008100
81008100
81008100
81008100
81008100
81008100
81008100
81008100
81008100
81008100
81008100
81008100
81008100
81008100
81008100
81008100
81008100
81008100
81008100
81008100
81008100
81008100
81008100
81008100
81008100
81008100
81008100
81008100
81008100
81008100
81008100
81008100
81008100
81008100
81008100
81008100
81008100
ffe
fff
ff00
f000
f00000
f010000
10