55000c48
80008000
80008000
80008000
80008000
80008000
80008000
80008000
80008000
80008000
80008000
80008000
80008000
80008000
80008000
80008000
80008000
80008000
80008000
80008000
80008000
80008000
80008000
80008000
80008000
80008000
80008000
80008000
80008000
80008000
80008000
80008000
80008000
80008000
80008000
80008000
80008000
80008000
80008000
80008000
80008000
80008000
80008000
80008000
80008000
80008000
80008000
80008000
80008000
80008000
80008000
80008000
80008000
80008000
80008000
80008000
ffe
ff0
ff00
0
0
f010000
10