54000c88
80008000
80008000
80008000
80008000
80008000
80008000
80008000
80008000
80008000
80008000
80008000
80008000
80008000
80008000
80008000
80008000
80008000
80008000
80008000
80008000
80008000
80008000
80008000
80008000
80008000
80008000
80008000
80008000
80008000
80008000
80008000
80008000
80008000
80008000
80008000
80008000
80008000
80008000
80008000
80008000
80008000
80008000
80008000
80008000
80008000
80008000
80008000
80008000
80008000
80008000
80008000
80008000
80008000
80008000
80008000
80008000
80008000
80008000
80008000
80008000
80008000
80008000
80008000
80008000
80008000
80008000
80008000
80008000
80008000
80008000
80008000
80008000
80008000
80008000
80008000
80008000
80008000
80008000
80008000
80008000
80008000
80008000
80008000
80008000
80008000
80008000
80008000
80008000
80008000
80008000
80008000
80008000
80008000
80008000
80008000
80008000
80008000
80008000
80008000
80008000
80008000
80008000
80008000
80008000
80008000
80008000
80008000
80008000
80008000
80008000
80008000
80008000
80008000
80008000
80008000
80008000
80008000
80008000
fff
ff0
0
0
0
0
0
0
0
0
0
0
0
11100000
f0