54000c49
00020054
00020002
00020002
00020002
00020002
00020002
00020002
00020002
00020002
00020002
00020002
00020002
00020002
00020002
00020002
00020002
00020002
00020002
00020002
00020002
00020002
00020002
00020002
00020002
00020002
00020002
00020002
00020002
00020002
00020002
00020002
00020002
00020002
00020002
00020002
00020002
00020002
00020002
00020002
00020002
00020002
00020002
00020002
00020002
00020002
00020002
00020002
00020002
00020002
00020002
00020002
00020002
00020002
00020002
07060502
0b0a0908
0f0e0d0c
13121110
17161514
1b1a1918
1f1e1d1c
23222120
27262524
2b2a2928
2f2e2d2c
33323130
37363534
3b3a3938
003e3d3c