08800648
81004f00
81008100
81008100
81008100
81008100
81008100
81008100
81008100
81008100
81008100
81008100
81008100
81008100
81008100
81008100
81008100
81008100
81008100
81008100
81008100
81008100
81008100
81008100
81008100
81008100
81008100
81008100
81008100
81008100
81008100
81008100
81008100
81008100
81008100
81008100
81008100
81008100
81008100
81008100
81008100
81008100
81008100
81008100
81008100
81008100
81008100
81008100
81008100
81008100
81008100
81008100
81008100
81008100
81008100
81008100
81008100
81008100
81008100
81008100
81008100
81008100
ecbb8100
ff
fff00000
f
10100
0
100000
0
fff0
0
fef00
f0000000
f0eeef0f
ffffffff
feeeefff
00100111
