248006c8
81004f00
81008100
81008100
81008100
81008100
81008100
81008100
81008100
81008100
81008100
81008100
81008100
81008100
81008100
81008100
81008100
81008100
81008100
81008100
81008100
81008100
81008100
81008100
81008100
81008100
81008100
81008100
81008100
81008100
81008100
81008100
81008100
81008100
81008100
81008100
81008100
81008100
81008100
81008100
81008100
81008100
81008100
81008100
81008100
81008100
81008100
81008100
81008100
81008100
81008100
81008100
81008100
81008100
81008100
81008100
81008100
81008100
81008100
81008100
81008100
81008100
81008100
81008100
81008100
81008100
81008100
81008100
81008100
81008100
81008100
81008100
81008100
81008100
81008100
81008100
81008100
81008100
81008100
81008100
81008100
81008100
81008100
81008100
81008100
81008100
81008100
81008100
81008100
81008100
81008100
81008100
81008100
81008100
81008100
81008100
81008100
81008100
81008100
81008100
81008100
81008100
81008100
81008100
81008100
81008100
81008100
81008100
81008100
81008100
81008100
81008100
81008100
81008100
81008100
81008100
81008100
81008100
81008100
81008100
81008100
81008100
81008100
81008100
81008100
81008100
81008100
81008100
81008100
81008100
81008100
81008100
81008100
81008100
81008100
81008100
81008100
81008100
81008100
81008100
81008100
81008100
81008100
81008100
81008100
81008100
81008100
81008100
81008100
81008100
81008100
81008100
81008100
81008100
81008100
81008100
81008100
81008100
81008100
81008100
81008100
81008100
81008100
81008100
81008100
81008100
81008100
81008100
81008100
81008100
81008100
81008100
81008100
81008100
81008100
81008100
81008100
81008100
81008100
81008100
81008100
81008100
81008100
81008100
81008100
81008100
81008100
81008100
81008100
81008100
81008100
81008100
81008100
81008100
81008100
81008100
81008100
81008100
81008100
81008100
81008100
81008100
81008100
81008100
81008100
81008100
81008100
81008100
81008100
81008100
81008100
81008100
81008100
81008100
81008100
81008100
81008100
81008100
81008100
81008100
81008100
81008100
81008100
81008100
81008100
81008100
81008100
81008100
81008100
81008100
81008100
81008100
81008100
81008100
81008100
81008100
81008100
81008100
81008100
81008100
81008100
81008100
81008100
81008100
81008100
81008100
81008100
81008100
81008100
81008100
81008100
87658100
0fedcba9
87654321
0fedcba9
87654321
0fedcba9
87654321
0fedcba9
87654321
0fedcba9
87654321
0fedcba9
87654321
0fedcba9
87654321
0fedcba9
87654321
0fedcba9
87654321
0fedcba9
87654321
0fedcba9
87654321
0fedcba9
87654321
0fedcba9
87654321
0fedcba9
87654321
0fedcba9
87654321
0fedcba9
87654321
0fedcba9
87654321
0fedcba9
87654321
0fedcba9
87654321
0fedcba9
87654321
0fedcba9
87654321
0fedcba9
87654321
0fedcba9
87654321
0fedcba9
87654321
0fedcba9
87654321
0fedcba9
87654321
0fedcba9
87654321
0fedcba9
87654321
0fedcba9
87654321
0fedcba9
87654321
0fedcba9
87654321
