248006c9
004f4f00
00020002
00020002
00020002
00020002
00020002
00020002
00020002
00020002
00020002
00020002
00020002
00020002
00020002
00020002
00020002
00020002
00020002
00020002
00020002
00020002
00020002
00020002
00020002
00020002
00020002
00020002
00020002
00020002
00020002
00020002
00020002
00020002
00020002
00020002
00020002
00020002
00020002
00020002
00020002
00020002
00020002
00020002
00020002
00020002
00020002
00020002
00020002
00020002
00020002
00020002
00020002
00020002
00020002
00020002
00020002
00020002
00020002
00020002
00020002
00020002
00020002
00020002
00020002
00020002
00020002
00020002
00020002
00020002
00020002
00020002
00020002
00020002
00020002
00020002
00020002
00020002
00020002
00020002
00020002
00020002
00020002
00020002
00020002
00020002
00020002
00020002
00020002
00020002
00020002
00020002
00020002
00020002
00020002
00020002
00020002
00020002
00020002
00020002
00020002
00020002
00020002
00020002
00020002
00020002
00020002
00020002
00020002
00020002
00020002
00020002
00020002
00020002
00020002
00020002
00020002
00020002
00020002
00020002
00020002
00020002
00020002
00020002
00020002
00020002
00020002
00020002
00020002
00020002
00020002
00020002
00020002
00020002
00020002
00020002
00020002
00020002
00020002
00020002
00020002
00020002
00020002
00020002
00020002
00020002
00020002
00020002
00020002
00020002
00020002
00020002
00020002
00020002
00020002
00020002
00020002
00020002
00020002
00020002
00020002
00020002
00020002
00020002
00020002
00020002
00020002
00020002
00020002
00020002
00020002
00020002
00020002
00020002
00020002
00020002
00020002
00020002
00020002
00020002
00020002
00020002
00020002
00020002
00020002
00020002
00020002
00020002
00020002
00020002
00020002
00020002
00020002
00020002
00020002
00020002
00020002
00020002
00020002
00020002
00020002
00020002
00020002
00020002
00020002
00020002
00020002
00020002
00020002
00020002
00020002
00020002
00020002
00020002
00020002
00020002
00020002
00020002
00020002
00020002
00020002
00020002
00020002
00020002
00020002
00020002
00020002
00020002
00020002
00020002
00020002
00020002
00020002
00020002
00020002
00020002
00020002
00020002
00020002
00020002
00020002
00020002
00020002
00020002
00020002
00020002
00020002
00020002
00020002
00020002
00020002
05020002
09080706
0d0c0b0a
11100f0e
15141312
19181716
1d1c1b1a
21201f1e
25242322
29282726
2d2c2b2a
31302f2e
35343332
39383736
3d3c3b3a
41403f3e
45444342
49484746
4d4c4b4a
51504f4e
55545352
59585756
5d5c5b5a
61605f5e
65646362
69686766
6d6c6b6a
71706f6e
75747372
79787776
7d7c7b7a
81807f7e
85848382
89888786
8d8c8b8a
91908f8e
95949392
99989796
9d9c9b9a
a1a09f9e
a5a4a3a2
a9a8a7a6
adacabaa
b1b0afae
b5b4b3b2
b9b8b7b6
bdbcbbba
c1c0bfbe
c5c4c3c2
c9c8c7c6
cdcccbca
d1d0cfce
d5d4d3d2
d9d8d7d6
dddcdbda
e1e0dfde
e5e4e3e2
e9e8e7e6
edecebea
f1f0efee
f5f4f3f2
f9f8f7f6
fdfcfbfa
0100fffe
05040302
09080706
0d0c0b0a
11100f0e
15141312
19181716
1d1c1b1a
21201f1e
25242322
29282726
2d2c2b2a
31302f2e
35343332
39383736
3d3c3b3a
41403f3e
45444342
49484746
4d4c4b4a
51504f4e
55545352
59585756
5d5c5b5a
61605f5e
65646362
69686766
6d6c6b6a
71706f6e
75747372
79787776
7d7c7b7a
81807f7e
85848382
89888786
8d8c8b8a
91908f8e
95949392
99989796
9d9c9b9a
a1a09f9e
a5a4a3a2
a9a8a7a6
adacabaa
b1b0afae
b5b4b3b2
b9b8b7b6
bdbcbbba
c1c0bfbe
c5c4c3c2
c9c8c7c6
cdcccbca
d1d0cfce
d5d4d3d2
d9d8d7d6
dddcdbda
e1e0dfde
e5e4e3e2
e9e8e7e6
edecebea
f1f0efee
f5f4f3f2
00f8f7f6