08800649
004f4f00
00020002
00020002
00020002
00020002
00020002
00020002
00020002
00020002
00020002
00020002
00020002
00020002
00020002
00020002
00020002
00020002
00020002
00020002
00020002
00020002
00020002
00020002
00020002
00020002
00020002
00020002
00020002
00020002
00020002
00020002
00020002
00020002
00020002
00020002
00020002
00020002
00020002
00020002
00020002
00020002
00020002
00020002
00020002
00020002
00020002
00020002
00020002
00020002
00020002
00020002
00020002
00020002
00020002
00020002
00020002
00020002
00020002
00020002
00020002
00020002
05020002
09080706
0d0c0b0a
11100f0e
15141312
19181716
1d1c1b1a
21201f1e
25242322
29282726
2d2c2b2a
31302f2e
35343332
39383736
3d3c3b3a
41403f3e
45444342
49484746
4d4c4b4a
51504f4e
55545352
59585756
5d5c5b5a
61605f5e
65646362
69686766
6d6c6b6a
71706f6e
75747372
79787776
7d7c7b7a
0000007e