#Note: Must use "spaces", do not use "tabs".
#      '17' means default value (this entry is not provided by hw team in a set of entried). eg. 11ac 20M mcs9
#      '127' means this entry will be ignored in fw pppc function (invalid mcs).
#c:p:b - channel:phymod(0-legacy,1-11n,2-11ac,3-11ax):bandwidth(0-20M,1-40M.2-80M,3-160M)
#c:p:b  1    2    5.5  11   6    9    12   18   24   36   48    54    - (legacy rate, 11b/g)
#c:p:b  mcs0 mcs1 mcs1 mcs3 mcs4 mcs5 mcs6 mcs7 mcs8 mcs9 mcs10 mcs11 - (11n/11ac/11ax)
#
1:0:0   27   27   27   27   27   27   27   27   26   24   23    22
1:1:0   27   27   26   25   23   22   22   21   127  127  127   127
1:1:1   27   27   26   25   23   22   21   21   127  127  127   127
1:2:0   27   27   25   25   24   23   22   22   21   17   127   127
1:2:1   27   27   26   25   23   22   22   21   21   20   127   127
1:3:0   27   27   25   25   23   23   21   21   21   20   20    20
1:3:1   27   27   26   25   23   23   21   21   21   20   20    20
#
2:0:0   27   27   27   27   27   27   27   27   26   24   23    22
2:1:0   27   27   26   25   23   23   22   21   127  127  127   127
2:1:1   27   27   26   25   23   23   22   22   127  127  127   127
2:2:0   27   27   26   25   23   23   22   22   21   17   127   127
2:2:1   27   27   26   25   23   23   22   20   20   20   127   127
2:3:0   27   27   26   25   24   23   22   22   20   20   20    20
2:3:1   27   27   26   25   23   22   21   21   21   20   20    20
#
3:0:0   27   27   27   27   27   27   27   27   25   24   23    23
3:1:0   27   27   25   25   23   23   22   22   127  127  127   127
3:1:1   27   27   26   25   23   22   21   21   127  127  127   127
3:2:0   27   27   26   25   23   23   21   21   21   17   127   127
3:2:1   27   27   26   25   23   23   21   21   20   20   127   127
3:3:0   27   27   25   25   23   22   21   21   20   20   20    20
3:3:1   27   27   26   25   23   22   22   21   21   20   20    20
#
4:0:0   27   27   27   27   27   27   27   26   25   23   23    21
4:1:0   27   27   25   24   22   22   22   21   127  127  127   127
4:1:1   27   27   26   24   22   22   21   21   127  127  127   127
4:2:0   27   26   25   24   23   22   21   21   21   17   127   127
4:2:1   27   27   25   24   22   22   21   21   20   20   127   127
4:3:0   27   27   25   25   23   23   22   21   20   19   20    20
4:3:1   27   27   26   25   23   22   22   21   21   20   20    20
#
5:0:0   27   27   27   27   27   27   27   27   26   24   24    23
5:1:0   27   27   26   25   23   22   22   20   127  127  127   127
5:1:1   27   27   26   25   23   23   22   21   127  127  127   127
5:2:0   27   27   26   25   23   22   21   22   21   17   127   127
5:2:1   27   27   26   25   22   22   21   21   21   20   127   127
5:3:0   27   27   26   25   23   22   22   21   21   21   20    21
5:3:1   27   27   27   25   23   23   22   21   21   20   20    20
#
6:0:0   27   27   27   27   27   27   27   27   25   23   23    22
6:1:0   27   27   25   25   23   23   22   22   127  127  127   127
6:1:1   27   27   26   25   23   21   21   21   127  127  127   127
6:2:0   27   27   26   25   23   22   22   22   21   17   127   127
6:2:1   27   27   26   25   23   23   21   21   21   20   127   127
6:3:0   27   27   26   25   23   22   21   21   20   20   20    20
6:3:1   27   27   27   25   23   22   22   21   21   20   20    20
#
7:0:0   27   27   27   27   27   27   27   27   25   24   23    22
7:1:0   27   27   25   25   23   23   22   22   127  127  127   127
7:1:1   27   27   26   25   22   22   21   21   127  127  127   127
7:2:0   27   27   26   25   23   22   22   21   21   17   127   127
7:2:1   27   27   26   25   23   22   22   21   21   20   127   127
7:3:0   27   27   26   25   23   23   22   22   21   20   20    20
7:3:1   27   27   26   25   22   23   22   21   21   19   20    20
#
8:0:0   27   27   27   27   27   27   27   26   25   23   23    22
8:1:0   27   27   25   24   23   22   22   22   127  127  127   127
8:1:1   27   27   26   25   22   22   21   21   127  127  127   127
8:2:0   27   26   25   24   23   23   22   21   21   17   127   127
8:2:1   27   27   26   25   23   22   21   21   21   20   127   127
8:3:0   27   27   25   25   23   23   21   21   20   20   20    20
8:3:1   27   27   26   25   23   22   21   21   21   20   20    20
#
9:0:0   27   27   27   27   27   27   27   27   25   24   23    20
9:1:0   27   27   25   25   23   23   22   21   127  127  127   127
9:1:1   27   27   26   25   23   22   20   20   127  127  127   127
9:2:0   27   27   25   25   24   23   22   22   21   17   127   127
9:2:1   27   27   26   25   23   22   22   21   20   20   127   127
9:3:0   27   27   25   25   23   23   22   22   21   20   20    20
9:3:1   27   27   27   25   23   23   22   21   21   20   20    20
##
10:0:0   27   27   27   27   27   27   27   27   25   24   23    22
10:1:0   27   27   26   25   23   23   21   21   127  127  127   127
10:1:1   27   27   26   24   24   23   22   21   127  127  127   127
10:2:0   27   27   25   25   23   23   22   22   21   17   127   127
10:2:1   27   27   26   25   24   22   21   20   20   20   127   127
10:3:0   27   27   26   25   24   22   22   22   21   21   20    20
10:3:1   27   27   26   25   23   22   22   21   21   18   20    20
#
11:0:0   27   27   27   27   27   27   27   27   26   24   24    23
11:1:0   27   27   26   25   23   23   22   21   127  127  127   127
11:1:1   27   27   26   25   22   22   22   21   127  127  127   127
11:2:0   27   27   26   25   24   23   22   22   22   17   127   127
11:2:1   27   27   26   25   24   23   21   21   20   20   127   127
11:3:0   27   27   26   25   24   23   22   21   21   21   21    20
11:3:1   27   27   26   26   24   22   22   22   21   21   20    20
#
12:0:0   27   27   27   27   27   27   27   27   25   23   23    22
12:1:0   27   27   26   25   24   22   22   20   127  127  127   127
12:1:1   27   27   26   25   23   22   22   21   127  127  127   127
12:2:0   27   27   25   25   24   22   22   22   21   17   127   127
12:2:1   27   27   26   25   24   22   21   21   21   20   127   127
12:3:0   27   27   26   25   23   22   22   21   22   20   21    21
12:3:1   27   27   27   25   23   22   22   22   21   20   20    20
#
13:0:0   27   27   27   27   27   27   27   27   25   24   23    23
13:1:0   27   27   25   25   24   23   22   22   127  127  127   127
13:1:1   27   27   26   25   23   23   20   20   127  127  127   127
13:2:0   27   27   25   24   22   23   22   22   21   17   127   127
13:2:1   27   27   26   25   24   22   22   21   21   21   127   127
13:3:0   27   27   26   25   24   22   22   21   21   20   20    20
13:3:1   27   27   26   25   24   22   22   22   21   21   20    20
