#Note: Must use "spaces", do not use "tabs".
#      '17' means default value (this entry is not provided by hw team in a set of entried). eg. 11ac 20M mcs9
#      '127' means this entry will be ignored in fw pppc function (invalid mcs).
#c:p:b - channel:phymod(0-legacy,1-11n,2-11ac,3-11ax):bandwidth(0-20M,1-40M.2-80M,3-160M)
#c:p:b  1    2    5.5  11   6    9    12   18   24   36   48    54    - (legacy rate, 11a)
#c:p:b  mcs0 mcs1 mcs2 mcs3 mcs4 mcs5 mcs6 mcs7 mcs8 mcs9 mcs10 mcs11 - (11n/11ac/11ax MCS)
#
36:0:0  127  127  127  127  27   27   26   25   23   22   21    20
36:1:0  27   25   24   23   21   21   20   19   127  127  127   127
36:1:1  27   25   24   23   21   21   20   19   127  127  127   127
36:2:0  27   24   24   23   22   20   20   20   19   17   127   127
36:2:1  27   25   24   23   22   20   20   20   19   18   127   127
36:2:2  27   26   25   23   23   20   20   20   20   19   12    127
36:2:3  27   25   25   24   23   21   21   21   20   20   27    127
36:3:0  27   24   25   22   21   21   20   20   18   18   18    18
36:3:1  27   25   25   23   22   21   20   20   19   18   18    18
36:3:2  27   25   25   23   23   21   20   20   20   20   19    19
36:3:3  27   27   25   24   23   22   22   21   20   20   19    19
#
40:0:0  127  127  127  127  27   27   27   25   24   23   22    21
40:1:0  27   25   24   22   21   20   20   20   127  127  127   127
40:1:1  27   25   24   23   21   20   20   20   127  127  127   127
40:2:0  27   25   24   23   22   21   20   20   20   17   127   127
40:2:1  27   25   24   23   21   20   19   19   19   17   127   127
40:2:2  27   26   25   23   22   20   20   20   20   19   127   127
40:2:3  27   25   25   23   23   22   21   20   20   20   127   127
40:3:0  27   24   25   23   21   20   20   19   19   19   18    18
40:3:1  27   25   25   23   21   21   20   19   19   18   18    18
40:3:2  27   25   25   23   22   21   21   21   20   19   19    19
40:3:3  27   26   26   24   23   22   21   21   20   20   19    19
#
44:0:0  127  127  127  127  27   27   27   25   24   23   22    21
44:1:0  27   25   25   23   22   22   20   20   127  127  127   127
44:1:1  27   26   25   24   22   21   21   21   127  127  127   127
44:2:0  27   25   24   23   22   21   20   20   20   17   127   127
44:2:1  27   26   25   23   22   21   21   20   20   18   127   127
44:2:2  27   25   25   23   22   20   20   20   20   19   127   127
44:2:3  27   25   25   24   23   21   21   20   20   19   127   127
44:3:0  27   25   25   23   22   21   21   21   19   19   19    19
44:3:1  27   27   25   24   22   21   21   20   19   18   19    18
44:3:2  27   25   25   23   22   21   20   20   20   19   19    18
44:3:3  27   26   25   24   23   22   21   21   20   20   19    19
#
48:0:0  127  127  127  127  27   27   27   25   24   23   23    22
48:1:0  27   26   25   23   22   22   21   21   127  127  127   127
48:1:1  27   26   25   23   22   21   21   20   127  127  127   127
48:2:0  27   25   25   23   21   21   21   21   20   17   127   127
48:2:1  27   26   25   23   21   21   21   20   20   19   127   127
48:2:2  27   26   25   23   22   20   20   20   19   19   127   127
48:2:3  27   25   25   23   23   22   21   20   20   20   127   127
48:3:0  27   25   25   23   22   22   21   20   20   19   19    19
48:3:1  27   26   25   24   22   21   21   20   20   19   19    19
48:3:2  27   26   25   23   22   21   20   20   20   19   19    19
48:3:3  27   26   25   24   23   22   21   21   20   20   19    19
#
52:0:0  127  127  127  127  27   27   27   26   24   23   23    21
52:1:0  27   26   25   23   22   22   21   21   127  127  127   127
52:1:1  27   26   25   24   22   21   21   19   127  127  127   127
52:2:0  27   25   25   23   22   21   20   20   20   17   127   127
52:2:1  27   26   25   24   22   21   21   21   20   18   127   127
52:2:2  27   26   25   24   23   21   21   21   20   20   127   127
52:2:3  27   25   25   23   22   21   21   20   20   19   127   127
52:3:0  27   25   25   23   22   21   21   20   19   20   19    19
52:3:1  27   26   25   24   22   21   20   20   20   19   19    19
52:3:2  27   26   25   24   23   21   21   21   21   20   19    19
52:3:3  27   26   25   23   23   22   21   21   20   19   19    19
#
56:0:0  127  127  127  127  27   27   27   25   24   23   23    21
56:1:0  27   26   25   24   22   22   21   20   127  127  127   127
56:1:1  27   26   25   24   22   21   21   20   127  127  127   127
56:2:0  27   25   25   23   22   22   21   21   20   17   127   127
56:2:1  27   26   25   24   23   22   21   20   20   18   127   127
56:2:2  27   26   25   24   23   21   21   21   21   20   127   127
56:2:3  27   25   25   24   23   21   21   21   20   19   127   127
56:3:0  27   25   25   24   22   22   21   20   20   20   20    20
56:3:1  27   26   26   24   23   22   21   21   20   19   19    20
56:3:2  27   26   25   24   23   21   21   21   21   20   20    20
56:3:3  27   26   25   24   23   22   21   21   20   20   19    19
#
60:0:0  127  127  127  127   27   27   27   25   24   23   22    21
60:1:0  27   26   25   23   22   22   21   21   127  127  127   127
60:1:1  27   26   25   24   22   21   21   21   127  127  127   127
60:2:0  27   25   25   24   22   21   21   20   21   17   127   127
60:2:1  27   26   25   24   22   22   22   21   20   19   127   127
60:2:2  27   26   25   24   23   21   21   21   20   20   127   127
60:2:3  27   25   25   23   23   22   21   20   20   20   127   127
60:3:0  27   24   25   24   22   22   22   20   20   19   19    19
60:3:1  27   26   25   24   22   22   21   20   20   19   20    20
60:3:2  27   26   25   24   23   22   21   21   21   20   20    20
60:3:3  27   26   25   24   23   22   21   21   20   20   19    19
#
64:0:0  127  127  127  127  27   27   27   25   25   23   23    22
64:1:0  27   26   25   24   23   22   22   21   127  127  127   127
64:1:1  27   27   26   24   22   22   22   21   127  127  127   127
64:2:0  27   25   25   23   23   22   22   21   20   17   127   127
64:2:1  27   27   26   24   23   22   21   21   20   20   127   127
64:2:2  27   27   26   24   23   21   21   21   21   20   127   127
64:2:3  27   25   25   23   23   22   21   21   20   20   127   127
64:3:0  27   25   26   24   24   23   22   21   20   20   20    20
64:3:1  27   27   26   25   23   22   21   21   21   20   20    20
64:3:2  27   26   26   24   23   21   21   21   21   20   20    20
64:3:3  27   26   25   24   23   22   21   21   20   20   19    19
#
149:0:0  127  127  127  127  27   27   27   25   25   23   22    21
149:1:0  27   25   25   24   22   22   21   20   127  127  127   127
149:1:1  27   26   25   24   23   22   20   20   127  127  127   127
149:2:0  27   25   25   23   22   21   21   20   20   17   127   127
149:2:1  27   26   25   24   23   21   21   21   20   19   127   127
149:2:2  27   26   25   24   23   21   21   21   20   20   127   127
149:3:0  27   25   25   23   22   22   21   20   20   20   19    19
149:3:1  27   26   25   24   23   21   21   20   20   19   19    19
149:3:2  27   26   25   24   23   21   21   21   21   20   20    19
#
153:0:0  127  127  127  127  27   27   27   25   25   23   22    22
153:1:0  27   26   25   24   23   22   22   21   127  127  127   127
153:1:1  27   26   25   24   22   22   21   21   127  127  127   127
153:2:0  27   25   25   23   23   22   22   21   20   17   127   127
153:2:1  27   26   25   24   23   21   21   20   20   18   127   127
153:2:2  27   26   25   24   23   21   21   21   20   20   127   127
153:3:0  27   25   25   23   23   22   21   21   20   19   19    19
153:3:1  27   26   25   24   23   22   21   21   20   19   19    19
153:3:2  27   26   25   24   23   21   21   21   21   20   20    19
#
157:0:0  127  127  127  127  27   27   27   25   25   23   22    22
157:1:0  27   26   25   24   22   22   22   21   127  127  127   127
157:1:1  27   26   25   24   22   21   21   21   127  127  127   127
157:2:0  27   25   25   24   23   22   21   21   20   17   127   127
157:2:1  27   26   25   24   23   22   21   20   21   19   127   127
157:2:2  27   26   25   24   23   21   21   21   21   20   127   127
157:3:0  27   26   26   24   22   21   21   21   20   19   19    19
157:3:1  27   27   26   25   23   22   21   20   19   19   19    19
157:3:2  27   26   26   24   23   22   22   21   21   20   20    19
#
161:0:0  127  127  127  127  27   27   27   25   24   23   23    22
161:1:0  27   25   25   23   23   22   21   21   127  127  127   127
161:1:1  27   26   25   24   23   22   21   21   127  127  127   127
161:2:0  27   25   25   24   23   22   21   21   20   17   127   127
161:2:1  27   26   25   24   23   22   21   20   20   19   127   127
161:2:2  27   26   25   24   23   21   21   21   21   20   127   127
161:3:0  27   25   25   24   23   22   21   21   20   19   19    19
161:3:1  27   26   26   24   24   22   20   20   20   19   19    19
161:3:2  27   26   25   24   23   21   21   21   21   20   19    19
#
165:0:0  127  127  127  127  27   27   27   25   24   23   23    21
165:1:0  27   25   25   23   23   22   22   21   127  127  127   127
165:2:0  27   25   25   23   23   22   21   21   20   17   127   127
165:3:0  27   25   25   24   22   22   21   20   19   20   19    19
