#Note: Must use "spaces", do not use "tabs".
#      '17' means default value (this entry is not provided by hw team in a set of entried). eg. 11ac 20M mcs9
#      '127' means this entry will be ignored in fw pppc function (invalid mcs).
#c:p:b - channel:phymod(0-legacy,1-11n,2-11ac,3-11ax):bandwidth(0-20M,1-40M.2-80M,3-160M)
#c:p:b  1    2    5.5  11   6    9    12   18   24   36   48    54    - (legacy rate, 11a)
#c:p:b  mcs0 mcs1 mcs2 mcs3 mcs4 mcs5 mcs6 mcs7 mcs8 mcs9 mcs10 mcs11 - (11n/11ac/11ax MCS)
#
36:2:0  24   24   24   24   22   22   21   20   20   17   17   17
36:2:1  23   23   23   23   23   22   21   21   19   19   17   17
36:2:2  22   22   22   22   22   22   21   20   20   19   17   17
36:2:3  22   22   21   20   20   20   20   20   20   19   17   17
36:3:0  23   23   23   23   23   22   21   21   20   19   18   18
36:3:1  23   23   23   23   22   22   21   20   20   19   18   18
36:3:2  22   22   21   21   21   21   21   20   20   19   17   17
36:3:3  20   20   20   20   20   20   20   20   20   19   18   18
#
40:2:0  24   24   24   24   22   22   21   20   20   17   17   17
40:2:1  23   23   23   23   23   22   21   21   19   19   17   17
40:2:2  22   22   22   22   22   22   21   20   20   19   17   17
40:2:3  22   22   21   20   20   20   20   20   20   19   17   17
40:3:0  23   23   23   23   23   22   21   21   20   19   18   18
40:3:1  23   23   23   23   22   22   21   20   20   19   18   18
40:3:2  22   22   21   21   21   21   21   20   20   19   17   17
40:3:3  20   20   20   20   20   20   20   20   20   19   18   18
#
44:2:0  24   24   24   24   22   22   21   20   20   17   17   17
44:2:1  23   23   23   23   23   22   21   21   19   19   17   17
44:2:2  22   22   22   22   22   22   21   20   20   19   17   17
44:2:3  22   22   21   20   20   20   20   20   20   19   17   17
44:3:0  23   23   23   23   23   22   21   21   20   19   18   18
44:3:1  23   23   23   23   22   22   21   20   20   19   18   18
44:3:2  22   22   21   21   21   21   21   20   20   19   17   17
44:3:3  20   20   20   20   20   20   20   20   20   19   18   18
#
48:2:0  24   24   24   24   22   22   21   20   20   17   17   17
48:2:1  23   23   23   23   23   22   21   21   19   19   17   17
48:2:2  22   22   22   22   22   22   21   20   20   19   17   17
48:2:3  22   22   21   20   20   20   20   20   20   19   17   17
48:3:0  23   23   23   23   23   22   21   21   20   19   18   18
48:3:1  23   23   23   23   22   22   21   20   20   19   18   18
48:3:2  22   22   21   21   21   21   21   20   20   19   17   17
48:3:3  20   20   20   20   20   20   20   20   20   19   18   18
#
52:2:0  24   24   24   24   22   22   21   20   20   17   17   17
52:2:1  23   23   23   23   23   22   21   21   19   19   17   17
52:2:2  22   22   22   22   22   22   21   20   20   19   17   17
52:2:3  22   22   21   20   20   20   20   20   20   19   17   17
52:3:0  23   23   23   23   23   22   21   21   20   19   18   18
52:3:1  23   23   23   23   22   22   21   20   20   19   18   18
52:3:2  22   22   21   21   21   21   21   20   20   19   17   17
52:3:3  20   20   20   20   20   20   20   20   20   19   18   18
#
56:2:0  24   24   24   24   22   22   21   20   20   17   17   17
56:2:1  23   23   23   23   23   22   21   21   19   19   17   17
56:2:2  22   22   22   22   22   22   21   20   20   19   17   17
56:2:3  22   22   21   20   20   20   20   20   20   19   17   17
56:3:0  23   23   23   23   23   22   21   21   20   19   18   18
56:3:1  23   23   23   23   22   22   21   20   20   19   18   18
56:3:2  22   22   21   21   21   21   21   20   20   19   17   17
56:3:3  20   20   20   20   20   20   20   20   20   19   18   18
#
60:2:0  24   24   24   24   22   22   21   20   20   17   17   17
60:2:1  23   23   23   23   23   22   21   21   19   19   17   17
60:2:2  22   22   22   22   22   22   21   20   20   19   17   17
60:2:3  22   22   21   20   20   20   20   20   20   19   17   17
60:3:0  23   23   23   23   23   22   21   21   20   19   18   18
60:3:1  23   23   23   23   22   22   21   20   20   19   18   18
60:3:2  22   22   21   21   21   21   21   20   20   19   17   17
60:3:3  20   20   20   20   20   20   20   20   20   19   18   18
#
64:2:0  24   24   24   24   22   22   21   20   20   17   17   17
64:2:1  23   23   23   23   23   22   21   21   19   19   17   17
64:2:2  22   22   22   22   22   22   21   20   20   19   17   17
64:2:3  22   22   21   20   20   20   20   20   20   19   17   17
64:3:0  23   23   23   23   23   22   21   21   20   19   18   18
64:3:1  23   23   23   23   22   22   21   20   20   19   18   18
64:3:2  22   22   21   21   21   21   21   20   20   19   17   17
64:3:3  20   20   20   20   20   20   20   20   20   19   18   18
#
149:2:0  25   25   25   24   24   23   22   21   21   17   17   17
149:2:1  25   25   25   24   24   23   22   21   20   20   17   17
149:2:2  25   25   25   24   23   22   22   21   20   19   17   17
149:2:3  17   17   17   17   17   17   17   17   17   17   17   17
149:3:0  24   24   24   24   23   22   21   21   18   18   16   16
149:3:1  24   24   24   24   23   22   21   21   19   18   16   16
149:3:2  24   24   24   23   23   22   21   20   19   17   16   16
149:3:3  17   17   17   17   17   17   17   17   17   17   17   17
#
153:2:0  25   25   25   24   24   23   22   21   21   17   17   17
153:2:1  25   25   25   24   24   23   22   21   20   20   17   17
153:2:2  25   25   25   24   23   22   22   21   20   19   17   17
153:2:3  17   17   17   17   17   17   17   17   17   17   17   17
153:3:0  24   24   24   24   23   22   21   21   18   18   16   16
153:3:1  24   24   24   24   23   22   21   21   19   18   16   16
153:3:2  24   24   24   23   23   22   21   20   19   17   16   16
153:3:3  17   17   17   17   17   17   17   17   17   17   17   17
#
157:2:0  25   25   25   24   24   23   22   21   21   17   17   17
157:2:1  25   25   25   24   24   23   22   21   20   20   17   17
157:2:2  25   25   25   24   23   22   22   21   20   19   17   17
157:2:3  17   17   17   17   17   17   17   17   17   17   17   17
157:3:0  24   24   24   24   23   22   21   21   18   18   16   16
157:3:1  24   24   24   24   23   22   21   21   19   18   16   16
157:3:2  24   24   24   23   23   22   21   20   19   17   16   16
157:3:3  17   17   17   17   17   17   17   17   17   17   17   17
#
161:2:0  25   25   25   24   24   23   22   21   21   17   17   17
161:2:1  25   25   25   24   24   23   22   21   20   20   17   17
161:2:2  25   25   25   24   23   22   22   21   20   19   17   17
161:2:3  17   17   17   17   17   17   17   17   17   17   17   17
161:3:0  24   24   24   24   23   22   21   21   18   18   16   16
161:3:1  24   24   24   24   23   22   21   21   19   18   16   16
161:3:2  24   24   24   23   23   22   21   20   19   17   16   16
161:3:3  17   17   17   17   17   17   17   17   17   17   17   17
#
165:2:0  17   17   17   17   17   17   17   17   17   17   17    17
165:2:1  17   17   17   17   17   17   17   17   17   17   17    17
165:2:2  17   17   17   17   17   17   17   17   17   17   17    17
165:2:3  17   17   17   17   17   17   17   17   17   17   17    17
165:3:0  17   17   17   17   17   17   17   17   17   17   17    17
165:3:1  17   17   17   17   17   17   17   17   17   17   17    17
165:3:2  17   17   17   17   17   17   17   17   17   17   17    17
165:3:3  17   17   17   17   17   17   17   17   17   17   17    17
